## Variable: SB-INT:\*\*CHARACTER-CASES\*\*
[![package](https://img.shields.io/badge/Package-SB--INT-5f9ea0.svg?style=social&colorA=999999)](../) [![type](https://img.shields.io/badge/Type-Variable-5f9ea0.svg?style=social&colorA=999999)](../#variable) 

> No description.

### Value
```cl
#(0 0 97 65 98 66 99 67 100 68 101 69 102 70 103 71 104 72 105 73 106 74 107 75 108 76 109
  77 110 78 111 79 112 80 113 81 114 82 115 83 116 84 117 85 118 86 119 87 120 88 121 89
  122 90 0 0 0 0 0 0 0 0 0 0 0 0 97 65 98 66 99 67 100 68 101 69 102 70 103 71 104 72 105
  73 106 74 107 75 108 76 109 77 110 78 111 79 112 80 113 81 114 82 115 83 116 84 117 85
  118 86 119 87 120 88 121 89 122 90 0 0 0 0 0 0 0 0 0 0 0 0 0 0 0 0 0 0 0 0 0 0 0 0 0 0 0
  0 0 0 0 0 0 0 0 0 0 0 0 0 0 0 0 0 0 0 0 0 0 0 0 0 0 0 0 0 0 0 0 0 0 0 0 0 0 0 0 0 0 0 0 0
  0 0 0 0 0 0 0 0 0 0 0 0 0 0 0 0 0 0 0 0 0 0 0 0 0 0 0 0 0 0 0 0 0 0 0 0 0 0 0 0 0 0 0 0 0
  0 0 0 0 0 0 0 0 0 0 0 0 0 0 0 0 0 0 0 0 0 224 192 225 193 226 194 227 195 228 196 229 197 ..)
```
