## Variable: SB-IMPL::\*\*CHARACTER-UNICODE-CASES\*\*
[![package](https://img.shields.io/badge/Package-SB--IMPL-5f9ea0.svg?style=social&colorA=999999)](../) [![type](https://img.shields.io/badge/Type-Variable-5f9ea0.svg?style=social&colorA=999999)](../#variable) 

> No description.

### Value
```cl
#(0 (65 . 97) (66 . 98) (67 . 99) (68 . 100) (69 . 101) (70 . 102) (71 . 103) (72 . 104)
  (73 . 105) (74 . 106) (75 . 107) (76 . 108) (77 . 109) (78 . 110) (79 . 111) (80 . 112)
  (81 . 113) (82 . 114) (83 . 115) (84 . 116) (85 . 117) (86 . 118) (87 . 119) (88 . 120)
  (89 . 121) (90 . 122) 0 0 0 0 0 0 (65 . 97) (66 . 98) (67 . 99) (68 . 100) (69 . 101)
  (70 . 102) (71 . 103) (72 . 104) (73 . 105) (74 . 106) (75 . 107) (76 . 108) (77 . 109)
  (78 . 110) (79 . 111) (80 . 112) (81 . 113) (82 . 114) (83 . 115) (84 . 116) (85 . 117)
  (86 . 118) (87 . 119) (88 . 120) (89 . 121) (90 . 122) 0 0 0 0 0 0 0 0 0 0 0 0 0 0 0 0 0
  0 0 0 0 0 0 0 0 0 0 0 0 0 0 0 0 0 0 0 0 0 0 0 0 0 0 0 0 0 0 0 0 0 0 0 0 0 0 0 0 0 ..)
```
